{
    "conceptual_coupling_matrix": [
        [
            0.0,
            0.2930061972639371,
            0.22741709987104383,
            0.142745992715532,
            0.2259998946950622,
            0.1618267699839932,
            0.26389513892759603,
            0.2845320652235119,
            0.2741456687506333,
            0.12276154478930597,
            0.08438713034113171,
            0.09463711249674273,
            0.08283864314204184,
            0.07587031161627564,
            0.0647427289186155,
            0.09331415039525094,
            0.3128529695956873,
            0.24036957667950126,
            0.21591252869603406,
            0.3438770142844866,
            0.33234808796466253,
            0.3455771215188119,
            0.21912937339462674,
            0.31350380186476845,
            0.2567192200158091,
            0.14714357350831941,
            0.25247337567333217
        ],
        [
            0.2930061972639371,
            0.0,
            0.37319043393025636,
            0.16979118622176761,
            0.5205771003075114,
            0.16049368519193655,
            0.4622666782112399,
            0.21437703298255098,
            0.2999785957552935,
            0.056018785865075714,
            0.10612916848129465,
            0.0737959010410728,
            0.08924249008234875,
            0.05150766877294558,
            0.06373226023866486,
            0.10668438382889042,
            0.26917668474349304,
            0.2513630786046795,
            0.3037205370899209,
            0.4303938020553986,
            0.24559845302979938,
            0.19574410711360699,
            0.29971333269616973,
            0.3354017487407602,
            0.31827145462119466,
            0.16248575814137803,
            0.2173649781873481
        ],
        [
            0.22741709987104383,
            0.37319043393025636,
            0.0,
            0.1325568702444078,
            0.49753180913768263,
            0.1488569165242923,
            0.4337067350988889,
            0.29772892158981923,
            0.3828907213986198,
            0.07895613950228347,
            0.1295474679826793,
            0.08550111525003679,
            0.10346104751729755,
            0.06617480829405559,
            0.06734902622069289,
            0.08759859646526316,
            0.21813850207001428,
            0.2211651585544897,
            0.3073366564168349,
            0.262876728937062,
            0.2168204259511946,
            0.18682344487601354,
            0.28673893038056714,
            0.23967845872324048,
            0.2577772239121984,
            0.12902717093624522,
            0.2097915998968813
        ],
        [
            0.142745992715532,
            0.16979118622176761,
            0.1325568702444078,
            0.0,
            0.1442204359774326,
            0.1760049771850935,
            0.13519087501606342,
            0.19153222069658027,
            0.17851108846422326,
            0.05493876911165626,
            0.05253022362595433,
            0.07102277531607251,
            0.05191070139047112,
            0.1247942505318762,
            0.06115188109161791,
            0.08704932365636311,
            0.1458271940114131,
            0.16949923414108548,
            0.14577093525881796,
            0.1470338751903556,
            0.17983755405367427,
            0.20165357315906815,
            0.1405994702494037,
            0.12318929023311778,
            0.1099756580958918,
            0.08839144383484418,
            0.15004798682303302
        ],
        [
            0.2259998946950622,
            0.5205771003075114,
            0.49753180913768263,
            0.1442204359774326,
            0.0,
            0.135413370604976,
            0.5762357405288785,
            0.21101711086776,
            0.2679403289235663,
            0.06380019051919013,
            0.08614910112753198,
            0.06328573928794518,
            0.10788677832244009,
            0.06367769781706449,
            0.06316422735760972,
            0.0956154801516566,
            0.20689320765883704,
            0.30667101583057466,
            0.28829897337499466,
            0.32020557692235446,
            0.19624402755594922,
            0.18505531634627934,
            0.2707333745225657,
            0.2731244311546942,
            0.25420089967834353,
            0.143048583621852,
            0.1916606578144078
        ],
        [
            0.1618267699839932,
            0.16049368519193655,
            0.1488569165242923,
            0.1760049771850935,
            0.135413370604976,
            0.0,
            0.2103672981327022,
            0.24474667635955522,
            0.24990082972582978,
            0.08767204828233127,
            0.08970794168391995,
            0.07412240761689293,
            0.11126264880952383,
            0.05798424110835401,
            0.12984488636363636,
            0.09907844155844159,
            0.17034933814153203,
            0.21284252645502644,
            0.15465128647114967,
            0.16978149606566273,
            0.14105996407591548,
            0.13202636446886445,
            0.16110171822152522,
            0.22096373922498214,
            0.14418386249685056,
            0.08118130608974358,
            0.09482975427350428
        ],
        [
            0.26389513892759603,
            0.4622666782112399,
            0.4337067350988889,
            0.13519087501606342,
            0.5762357405288785,
            0.2103672981327022,
            0.0,
            0.23134785337107547,
            0.28149048492050077,
            0.09308552339975065,
            0.11544490447677755,
            0.07451332449879719,
            0.16969522959183672,
            0.05318629448167466,
            0.08135412878787879,
            0.09309024814471244,
            0.28948310907504027,
            0.27394144068795423,
            0.3146852017248756,
            0.3731040299352369,
            0.22064553020355154,
            0.22060297382167987,
            0.2858988242460951,
            0.3357141988147509,
            0.29426905565350253,
            0.1677613037852079,
            0.22698726712476464
        ],
        [
            0.2845320652235119,
            0.21437703298255098,
            0.29772892158981923,
            0.19153222069658027,
            0.21101711086776,
            0.24474667635955522,
            0.23134785337107547,
            0.0,
            0.4055731718336076,
            0.07647902749297486,
            0.06869558322615388,
            0.15447486312344158,
            0.06344089856902357,
            0.069680348718635,
            0.05235419161856661,
            0.11381098003848003,
            0.262992571567247,
            0.24793517419505298,
            0.2873233191600549,
            0.233296271262059,
            0.2523298029926172,
            0.22518499264459246,
            0.31465856268600184,
            0.24772246685119015,
            0.19900849106221813,
            0.17356925898965234,
            0.2039996878948772
        ],
        [
            0.2741456687506333,
            0.2999785957552935,
            0.3828907213986198,
            0.17851108846422326,
            0.2679403289235663,
            0.24990082972582978,
            0.28149048492050077,
            0.4055731718336076,
            0.0,
            0.07622052578447647,
            0.07396347337057352,
            0.07223219656160831,
            0.0819312384044527,
            0.07083931829978776,
            0.05176340909090909,
            0.19889824675324674,
            0.26788149022326296,
            0.2851512177108605,
            0.37045765817074683,
            0.3117060130928919,
            0.27951277709594774,
            0.2102356449256127,
            0.3014126492017659,
            0.25938810338663365,
            0.21625349789652418,
            0.15585883049125396,
            0.19408351908508154
        ],
        [
            0.12276154478930597,
            0.056018785865075714,
            0.07895613950228347,
            0.05493876911165626,
            0.06380019051919013,
            0.08767204828233127,
            0.09308552339975065,
            0.07647902749297486,
            0.07622052578447647,
            0.0,
            0.14520591455360748,
            0.1467534561665115,
            0.1685874979268023,
            0.10793784652427806,
            0.12329031037654298,
            0.1446717681570236,
            0.17225125579866746,
            0.07409459154654684,
            0.06995397115852843,
            0.0664298315044829,
            0.06322772759863737,
            0.06914346987957865,
            0.07762450944851627,
            0.1924486222009737,
            0.07975659793821835,
            0.05328333333333332,
            0.05601874999999999
        ],
        [
            0.08438713034113171,
            0.10612916848129465,
            0.1295474679826793,
            0.05253022362595433,
            0.08614910112753198,
            0.08970794168391995,
            0.11544490447677755,
            0.06869558322615388,
            0.07396347337057352,
            0.14520591455360748,
            0.0,
            0.1350006195898092,
            0.17808506664078677,
            0.10928365895015946,
            0.11883537902315076,
            0.1652496242706569,
            0.07258571240301566,
            0.06864106625258799,
            0.10419278616394617,
            0.08330177341948176,
            0.062036827802852954,
            0.07362632569875777,
            0.11384617188105481,
            0.07293695623642027,
            0.04224581336882579,
            0.045433333333333326,
            0.04908055555555555
        ],
        [
            0.09463711249674273,
            0.0737959010410728,
            0.08550111525003679,
            0.07102277531607251,
            0.06328573928794518,
            0.07412240761689293,
            0.07451332449879719,
            0.15447486312344158,
            0.07223219656160831,
            0.1467534561665115,
            0.1350006195898092,
            0.0,
            0.11307758520074698,
            0.13672133229570435,
            0.11301932062218828,
            0.1664703083354554,
            0.0981916359185059,
            0.07771046840958606,
            0.11961524999836766,
            0.08543009147866175,
            0.08327432356949513,
            0.07729856150793651,
            0.10471636326500297,
            0.07668564508053867,
            0.041323908896892095,
            0.04050111111111112,
            0.046649074074074065
        ],
        [
            0.08283864314204184,
            0.08924249008234875,
            0.10346104751729755,
            0.05191070139047112,
            0.10788677832244009,
            0.11126264880952383,
            0.16969522959183672,
            0.06344089856902357,
            0.0819312384044527,
            0.1685874979268023,
            0.17808506664078677,
            0.11307758520074698,
            0.0,
            0.09468508016513057,
            0.1133220238095238,
            0.13708059523809524,
            0.10867852414883829,
            0.07098655753968255,
            0.06663781990068755,
            0.06559796508275675,
            0.055266399782135094,
            0.04354285714285714,
            0.06780969075130053,
            0.12159529291979951,
            0.055597094671201816,
            0.03977166666666667,
            0.049080555555555544
        ],
        [
            0.07587031161627564,
            0.05150766877294558,
            0.06617480829405559,
            0.1247942505318762,
            0.06367769781706449,
            0.05798424110835401,
            0.05318629448167466,
            0.069680348718635,
            0.07083931829978776,
            0.10793784652427806,
            0.10928365895015946,
            0.13672133229570435,
            0.09468508016513057,
            0.0,
            0.12162058659754224,
            0.1269734744623656,
            0.04924997493376963,
            0.07286423291090628,
            0.07690704710898946,
            0.0720393601498188,
            0.11920081786253926,
            0.17571838541666668,
            0.06570032254417224,
            0.05394360444283009,
            0.030096876280081925,
            0.050780631720430104,
            0.09471319444444444
        ],
        [
            0.0647427289186155,
            0.06373226023866486,
            0.06734902622069289,
            0.06115188109161791,
            0.06316422735760972,
            0.12984488636363636,
            0.08135412878787879,
            0.05235419161856661,
            0.05176340909090909,
            0.12329031037654298,
            0.11883537902315076,
            0.11301932062218828,
            0.1133220238095238,
            0.12162058659754224,
            0.0,
            0.10364703463203465,
            0.059958479727921024,
            0.08286874999999999,
            0.05338433743707273,
            0.04262564260585093,
            0.06004109979345274,
            0.07468939935064936,
            0.054247469800420174,
            0.08640450059808613,
            0.04082472943722944,
            0.050713333333333346,
            0.05090416666666666
        ],
        [
            0.09331415039525094,
            0.10668438382889042,
            0.08759859646526316,
            0.08704932365636311,
            0.0956154801516566,
            0.09907844155844159,
            0.09309024814471244,
            0.11381098003848003,
            0.19889824675324674,
            0.1446717681570236,
            0.1652496242706569,
            0.1664703083354554,
            0.13708059523809524,
            0.1269734744623656,
            0.10364703463203465,
            0.0,
            0.09354421853315767,
            0.07920277777777777,
            0.15407738180447006,
            0.09468147822856157,
            0.07702298347621878,
            0.07629672077922078,
            0.16577676200025465,
            0.08976099339257235,
            0.046788274840239126,
            0.07117166666666667,
            0.049080555555555544
        ],
        [
            0.3128529695956873,
            0.26917668474349304,
            0.21813850207001428,
            0.1458271940114131,
            0.20689320765883704,
            0.17034933814153203,
            0.28948310907504027,
            0.262992571567247,
            0.26788149022326296,
            0.17225125579866746,
            0.07258571240301566,
            0.0981916359185059,
            0.10867852414883829,
            0.04924997493376963,
            0.059958479727921024,
            0.09354421853315767,
            0.0,
            0.39591472654240834,
            0.3289625678841612,
            0.3826640126017389,
            0.4121033262911223,
            0.2135912386290935,
            0.2118284124782442,
            0.3683480982837481,
            0.31085860025985684,
            0.15925750143666056,
            0.2689608071604054
        ],
        [
            0.24036957667950126,
            0.2513630786046795,
            0.2211651585544897,
            0.16949923414108548,
            0.30667101583057466,
            0.21284252645502644,
            0.27394144068795423,
            0.24793517419505298,
            0.2851512177108605,
            0.07409459154654684,
            0.06864106625258799,
            0.07771046840958606,
            0.07098655753968255,
            0.07286423291090628,
            0.08286874999999999,
            0.07920277777777777,
            0.39591472654240834,
            0.0,
            0.31408369832535854,
            0.4058199458662853,
            0.3619105191065365,
            0.2526647118570579,
            0.19339795968933238,
            0.237620386284941,
            0.20005638515737498,
            0.1309327644902915,
            0.2408378397065897
        ],
        [
            0.21591252869603406,
            0.3037205370899209,
            0.3073366564168349,
            0.14577093525881796,
            0.28829897337499466,
            0.15465128647114967,
            0.3146852017248756,
            0.2873233191600549,
            0.37045765817074683,
            0.06995397115852843,
            0.10419278616394617,
            0.11961524999836766,
            0.06663781990068755,
            0.07690704710898946,
            0.05338433743707273,
            0.15407738180447006,
            0.3289625678841612,
            0.31408369832535854,
            0.0,
            0.3864906007165642,
            0.3422432847724415,
            0.20251655743415373,
            0.37749660385799083,
            0.2348769683690607,
            0.22621390828643045,
            0.22437236331909993,
            0.23197926592325016
        ],
        [
            0.3438770142844866,
            0.4303938020553986,
            0.262876728937062,
            0.1470338751903556,
            0.32020557692235446,
            0.16978149606566273,
            0.3731040299352369,
            0.233296271262059,
            0.3117060130928919,
            0.0664298315044829,
            0.08330177341948176,
            0.08543009147866175,
            0.06559796508275675,
            0.0720393601498188,
            0.04262564260585093,
            0.09468147822856157,
            0.3826640126017389,
            0.4058199458662853,
            0.3864906007165642,
            0.0,
            0.43967488408088684,
            0.21593246990828033,
            0.24205429287086036,
            0.2918971861277968,
            0.2887238562107086,
            0.19734066724777222,
            0.24785274267196655
        ],
        [
            0.33234808796466253,
            0.24559845302979938,
            0.2168204259511946,
            0.17983755405367427,
            0.19624402755594922,
            0.14105996407591548,
            0.22064553020355154,
            0.2523298029926172,
            0.27951277709594774,
            0.06322772759863737,
            0.062036827802852954,
            0.08327432356949513,
            0.055266399782135094,
            0.11920081786253926,
            0.06004109979345274,
            0.07702298347621878,
            0.4121033262911223,
            0.3619105191065365,
            0.3422432847724415,
            0.43967488408088684,
            0.0,
            0.40971768844948886,
            0.19553585793599804,
            0.19829811659284965,
            0.17293499410152435,
            0.16524283587932587,
            0.3743646442890167
        ],
        [
            0.3455771215188119,
            0.19574410711360699,
            0.18682344487601354,
            0.20165357315906815,
            0.18505531634627934,
            0.13202636446886445,
            0.22060297382167987,
            0.22518499264459246,
            0.2102356449256127,
            0.06914346987957865,
            0.07362632569875777,
            0.07729856150793651,
            0.04354285714285714,
            0.17571838541666668,
            0.07468939935064936,
            0.07629672077922078,
            0.2135912386290935,
            0.2526647118570579,
            0.20251655743415373,
            0.21593246990828033,
            0.40971768844948886,
            0.0,
            0.4196254036771457,
            0.33457375321019445,
            0.2652882296016102,
            0.2533636239113925,
            0.635893291375861
        ],
        [
            0.21912937339462674,
            0.29971333269616973,
            0.28673893038056714,
            0.1405994702494037,
            0.2707333745225657,
            0.16110171822152522,
            0.2858988242460951,
            0.31465856268600184,
            0.3014126492017659,
            0.07762450944851627,
            0.11384617188105481,
            0.10471636326500297,
            0.06780969075130053,
            0.06570032254417224,
            0.054247469800420174,
            0.16577676200025465,
            0.2118284124782442,
            0.19339795968933238,
            0.37749660385799083,
            0.24205429287086036,
            0.19553585793599804,
            0.4196254036771457,
            0.0,
            0.3893953585912407,
            0.34920807729190273,
            0.32168571938762974,
            0.25700299745374944
        ],
        [
            0.31350380186476845,
            0.3354017487407602,
            0.23967845872324048,
            0.12318929023311778,
            0.2731244311546942,
            0.22096373922498214,
            0.3357141988147509,
            0.24772246685119015,
            0.25938810338663365,
            0.1924486222009737,
            0.07293695623642027,
            0.07668564508053867,
            0.12159529291979951,
            0.05394360444283009,
            0.08640450059808613,
            0.08976099339257235,
            0.3683480982837481,
            0.237620386284941,
            0.2348769683690607,
            0.2918971861277968,
            0.19829811659284965,
            0.33457375321019445,
            0.3893953585912407,
            0.0,
            0.4975010360069101,
            0.23141659694920313,
            0.24300980455824225
        ],
        [
            0.2567192200158091,
            0.31827145462119466,
            0.2577772239121984,
            0.1099756580958918,
            0.25420089967834353,
            0.14418386249685056,
            0.29426905565350253,
            0.19900849106221813,
            0.21625349789652418,
            0.07975659793821835,
            0.04224581336882579,
            0.041323908896892095,
            0.055597094671201816,
            0.030096876280081925,
            0.04082472943722944,
            0.046788274840239126,
            0.31085860025985684,
            0.20005638515737498,
            0.22621390828643045,
            0.2887238562107086,
            0.17293499410152435,
            0.2652882296016102,
            0.34920807729190273,
            0.4975010360069101,
            0.0,
            0.4264600872993469,
            0.44388875365257263
        ],
        [
            0.14714357350831941,
            0.16248575814137803,
            0.12902717093624522,
            0.08839144383484418,
            0.143048583621852,
            0.08118130608974358,
            0.1677613037852079,
            0.17356925898965234,
            0.15585883049125396,
            0.05328333333333332,
            0.045433333333333326,
            0.04050111111111112,
            0.03977166666666667,
            0.050780631720430104,
            0.050713333333333346,
            0.07117166666666667,
            0.15925750143666056,
            0.1309327644902915,
            0.22437236331909993,
            0.19734066724777222,
            0.16524283587932587,
            0.2533636239113925,
            0.32168571938762974,
            0.23141659694920313,
            0.4264600872993469,
            0.0,
            0.44264161586761475
        ],
        [
            0.25247337567333217,
            0.2173649781873481,
            0.2097915998968813,
            0.15004798682303302,
            0.1916606578144078,
            0.09482975427350428,
            0.22698726712476464,
            0.2039996878948772,
            0.19408351908508154,
            0.05601874999999999,
            0.04908055555555555,
            0.046649074074074065,
            0.049080555555555544,
            0.09471319444444444,
            0.05090416666666666,
            0.049080555555555544,
            0.2689608071604054,
            0.2408378397065897,
            0.23197926592325016,
            0.24785274267196655,
            0.3743646442890167,
            0.635893291375861,
            0.25700299745374944,
            0.24300980455824225,
            0.44388875365257263,
            0.44264161586761475,
            0.0
        ]
    ],
    "normalized_conceptual_coupling_matrix": [
        [
            0.0,
            0.46077887789941835,
            0.35763406054967034,
            0.22448104839520683,
            0.35540537659404114,
            0.2544873049908327,
            0.4149990926254544,
            0.4474525350124065,
            0.4311189824907155,
            0.19305368755139865,
            0.1327064328018717,
            0.14882546141032496,
            0.1302712959320685,
            0.11931296122360024,
            0.10181382599356227,
            0.14674498325552426,
            0.4919897313569354,
            0.3780030076420867,
            0.33954207667275643,
            0.5407778615504047,
            0.5226475769945176,
            0.543451434707069,
            0.3446008573553337,
            0.4930132242572504,
            0.40371430788388146,
            0.23139664390852402,
            0.3970373317307122
        ],
        [
            0.46077887789941835,
            0.0,
            0.5868758783770099,
            0.267012073447726,
            0.8186548079177814,
            0.2523909079850202,
            0.7269563690647671,
            0.3371273700949267,
            0.47174360828094264,
            0.08809463258193799,
            0.16689776401267975,
            0.11605076204122719,
            0.14034192732126133,
            0.08100049091805979,
            0.10022477214812175,
            0.1677708906128904,
            0.42330480348532135,
            0.3952912886701692,
            0.47762815115217044,
            0.6768333742351172,
            0.3862258909799256,
            0.3078254005323472,
            0.47132645800947204,
            0.5274497361264224,
            0.500510791570959,
            0.2555236237668321,
            0.34182618551776633
        ],
        [
            0.35763406054967034,
            0.5868758783770099,
            0.0,
            0.20845772717243002,
            0.7824139928590688,
            0.234091031534891,
            0.6820432625739645,
            0.4682057911723414,
            0.6021304621254487,
            0.12416570605965778,
            0.20372516857723375,
            0.1344582753264166,
            0.1627019012788173,
            0.10406590097982536,
            0.10591246539961453,
            0.1377567551872249,
            0.3430426221324577,
            0.3478023145612404,
            0.4833148274797189,
            0.4133975503472987,
            0.34096982762951866,
            0.29379684832307307,
            0.45092303106415815,
            0.37691616183692744,
            0.40537811517786965,
            0.20290695417948731,
            0.3299163597762798
        ],
        [
            0.22448104839520683,
            0.267012073447726,
            0.20845772717243002,
            0.0,
            0.22679974444358056,
            0.2767838245380407,
            0.2125999390928554,
            0.30120182630354286,
            0.2807249123166322,
            0.08639620806941851,
            0.0826085513692029,
            0.11168976977631406,
            0.08163429634263585,
            0.1962503020937099,
            0.096166891396677,
            0.13689297376925838,
            0.22932651749775768,
            0.266552952263965,
            0.229238045495681,
            0.2312241333325334,
            0.28281090002469716,
            0.3171185730278064,
            0.22110544670976687,
            0.19372635614157407,
            0.17294671855704147,
            0.1390035797414918,
            0.2359640978416036
        ],
        [
            0.35540537659404114,
            0.8186548079177814,
            0.7824139928590688,
            0.22679974444358056,
            0.0,
            0.21294983363008377,
            0.906183078739668,
            0.331843587170403,
            0.42136052158033116,
            0.10033159868874822,
            0.1354772920172409,
            0.09952257736674017,
            0.16966176524524906,
            0.1001389677807218,
            0.09933148881150075,
            0.15036403347608307,
            0.32535837453354655,
            0.48226804715464267,
            0.45337634047249,
            0.5035523746909428,
            0.3086115708680345,
            0.2910163054966052,
            0.42575283965771826,
            0.4295129935460461,
            0.3997540202513185,
            0.22495690009929584,
            0.3014038053455762
        ],
        [
            0.2544873049908327,
            0.2523909079850202,
            0.234091031534891,
            0.2767838245380407,
            0.21294983363008377,
            0.0,
            0.33082169758000984,
            0.38488639474400654,
            0.3929917693975474,
            0.13787226484594325,
            0.1410738922718022,
            0.11656422330941212,
            0.17497062843482522,
            0.09118548960140066,
            0.20419288601503457,
            0.15580985505298992,
            0.26788981807459056,
            0.33471421910192856,
            0.2432032049536737,
            0.26699683479646746,
            0.22182961510839147,
            0.20762345862024026,
            0.25334709519101045,
            0.34748556435764605,
            0.22674222932103083,
            0.1276649827742235,
            0.1491284081143934
        ],
        [
            0.4149990926254544,
            0.7269563690647671,
            0.6820432625739645,
            0.2125999390928554,
            0.906183078739668,
            0.33082169758000984,
            0.0,
            0.3638155277130159,
            0.44266937352248087,
            0.14638544652412455,
            0.18154760561633426,
            0.11717897563846791,
            0.26686117292521333,
            0.08364028242316766,
            0.12793676217570338,
            0.1463928766150311,
            0.4552385014924365,
            0.43079781529891015,
            0.49487108292022036,
            0.5867400002411791,
            0.34698515174794214,
            0.34691822796930066,
            0.4496018878065302,
            0.5279410922678195,
            0.4627648375041077,
            0.26381989881073975,
            0.35695810948664025
        ],
        [
            0.4474525350124065,
            0.3371273700949267,
            0.4682057911723414,
            0.30120182630354286,
            0.331843587170403,
            0.38488639474400654,
            0.3638155277130159,
            0.0,
            0.6378006771483349,
            0.12027022226873907,
            0.10803004868555784,
            0.2429257632034606,
            0.09976657943938774,
            0.10957868193241976,
            0.08233172503721434,
            0.1789781109220873,
            0.41357972341274235,
            0.38990059740778826,
            0.4518420355377284,
            0.36687959194739056,
            0.39681155064029633,
            0.3541238690494237,
            0.4948291906102448,
            0.3895660957755999,
            0.312958941006643,
            0.27295343628190566,
            0.32080805169919296
        ],
        [
            0.4311189824907155,
            0.47174360828094264,
            0.6021304621254487,
            0.2807249123166322,
            0.42136052158033116,
            0.3929917693975474,
            0.44266937352248087,
            0.6378006771483349,
            0.0,
            0.11986370483569762,
            0.11631428476079883,
            0.11359169461486522,
            0.12884431950395453,
            0.11140126694294117,
            0.08140266581348946,
            0.3127855718101653,
            0.42126799237597984,
            0.4484262085764238,
            0.5825783401004279,
            0.49018603800405575,
            0.4395592482052693,
            0.3306146609452867,
            0.4739987876733366,
            0.40791136957177876,
            0.3400782817328104,
            0.24510217768460402,
            0.3052139749188886
        ],
        [
            0.19305368755139865,
            0.08809463258193799,
            0.12416570605965778,
            0.08639620806941851,
            0.10033159868874822,
            0.13787226484594325,
            0.14638544652412455,
            0.12027022226873907,
            0.11986370483569762,
            0.0,
            0.22834949907936647,
            0.23078314892894367,
            0.26511916419504156,
            0.16974207463446667,
            0.19388521949930287,
            0.22750950531967734,
            0.2708807564646156,
            0.11652048001046032,
            0.11000897808997381,
            0.10446694815847309,
            0.09943134871235024,
            0.10873439115857825,
            0.12207159676203333,
            0.3026429509652147,
            0.1254244997075715,
            0.0837928848377154,
            0.08809457618084647
        ],
        [
            0.1327064328018717,
            0.16689776401267975,
            0.20372516857723375,
            0.0826085513692029,
            0.1354772920172409,
            0.1410738922718022,
            0.18154760561633426,
            0.10803004868555784,
            0.11631428476079883,
            0.22834949907936647,
            0.0,
            0.21230074514186628,
            0.2800549542761649,
            0.17185848700134274,
            0.1868794350165743,
            0.25987005447582534,
            0.11414763040818435,
            0.1079443157893231,
            0.16385262681181575,
            0.13099961038941693,
            0.0975585505370342,
            0.11578408940194188,
            0.17903345329328707,
            0.11469999326240574,
            0.06643538144178238,
            0.0714480463145487,
            0.0771836347720568
        ],
        [
            0.14882546141032496,
            0.11605076204122719,
            0.1344582753264166,
            0.11168976977631406,
            0.09952257736674017,
            0.11656422330941212,
            0.11717897563846791,
            0.2429257632034606,
            0.11359169461486522,
            0.23078314892894367,
            0.21230074514186628,
            0.0,
            0.17782478087806966,
            0.21500672227550158,
            0.1777331545323464,
            0.2617896911213974,
            0.15441527257828422,
            0.12220677504152705,
            0.18810585301121852,
            0.13434658399024704,
            0.13095644300526785,
            0.12155901399854087,
            0.16467599939359587,
            0.12059514720562078,
            0.06498560286346304,
            0.0636916785573885,
            0.07335990913371805
        ],
        [
            0.1302712959320685,
            0.14034192732126133,
            0.1627019012788173,
            0.08163429634263585,
            0.16966176524524906,
            0.17497062843482522,
            0.26686117292521333,
            0.09976657943938774,
            0.12884431950395453,
            0.26511916419504156,
            0.2800549542761649,
            0.17782478087806966,
            0.0,
            0.14890089492887026,
            0.1782091828085381,
            0.21557169590749817,
            0.17090685752273657,
            0.11163281403093799,
            0.10479402881654173,
            0.10315876259808408,
            0.08691143707862845,
            0.06847510067081368,
            0.10663690224594596,
            0.19121965048051984,
            0.08743148485008899,
            0.06254456086588686,
            0.07718363477205678
        ],
        [
            0.11931296122360024,
            0.08100049091805979,
            0.10406590097982536,
            0.1962503020937099,
            0.1001389677807218,
            0.09118548960140066,
            0.08364028242316766,
            0.10957868193241976,
            0.11140126694294117,
            0.16974207463446667,
            0.17185848700134274,
            0.21500672227550158,
            0.14890089492887026,
            0.0,
            0.1912594270878308,
            0.19967732980424646,
            0.07745006214361708,
            0.11458562922287226,
            0.12094332201962417,
            0.11328844182952404,
            0.18745412080795576,
            0.27633313293252504,
            0.1033197290099077,
            0.08483122117252427,
            0.04733007359609396,
            0.07985715906918557,
            0.1489451071885295
        ],
        [
            0.10181382599356227,
            0.10022477214812175,
            0.10591246539961453,
            0.096166891396677,
            0.09933148881150075,
            0.20419288601503457,
            0.12793676217570338,
            0.08233172503721434,
            0.08140266581348946,
            0.19388521949930287,
            0.1868794350165743,
            0.1777331545323464,
            0.1782091828085381,
            0.1912594270878308,
            0.0,
            0.162994382921979,
            0.09429015927843942,
            0.1303186417027606,
            0.08395172297158038,
            0.06703269744145791,
            0.09442008684121171,
            0.11745586934727116,
            0.08530907706707637,
            0.13587893089913813,
            0.0642005977903908,
            0.07975132623841118,
            0.08005142900081084
        ],
        [
            0.14674498325552426,
            0.1677708906128904,
            0.1377567551872249,
            0.13689297376925838,
            0.15036403347608307,
            0.15580985505298992,
            0.1463928766150311,
            0.1789781109220873,
            0.3127855718101653,
            0.22750950531967734,
            0.25987005447582534,
            0.2617896911213974,
            0.21557169590749817,
            0.19967732980424646,
            0.162994382921979,
            0.0,
            0.14710678631435029,
            0.12455356716597744,
            0.2423006877004442,
            0.14889523055621867,
            0.12112564249509021,
            0.11998352839065203,
            0.2606990264696283,
            0.1411573209057757,
            0.07357881499112044,
            0.1119239149585537,
            0.07718363477205678
        ],
        [
            0.4919897313569354,
            0.42330480348532135,
            0.3430426221324577,
            0.22932651749775768,
            0.32535837453354655,
            0.26788981807459056,
            0.4552385014924365,
            0.41357972341274235,
            0.42126799237597984,
            0.2708807564646156,
            0.11414763040818435,
            0.15441527257828422,
            0.17090685752273657,
            0.07745006214361708,
            0.09429015927843942,
            0.14710678631435029,
            0.0,
            0.6226118940267178,
            0.5173235389421957,
            0.601773941935732,
            0.6480699385890172,
            0.3358916370495957,
            0.3331194326958823,
            0.5792608654303706,
            0.48885340429879753,
            0.25044689666733305,
            0.42296531636379414
        ],
        [
            0.3780030076420867,
            0.3952912886701692,
            0.3478023145612404,
            0.266552952263965,
            0.48226804715464267,
            0.33471421910192856,
            0.43079781529891015,
            0.38990059740778826,
            0.4484262085764238,
            0.11652048001046032,
            0.1079443157893231,
            0.12220677504152705,
            0.11163281403093799,
            0.11458562922287226,
            0.1303186417027606,
            0.12455356716597744,
            0.6226118940267178,
            0.0,
            0.4939251641510263,
            0.6381887517451651,
            0.5691371870325646,
            0.3973382252710604,
            0.3041358704553773,
            0.3736796558598845,
            0.31460684971926606,
            0.20590367325152412,
            0.37873939381479704
        ],
        [
