{
    "conceptual_coupling_matrix": [
        [
            0.0,
            0.1833828773283854,
            0.16736832161052687,
            0.14850344346675867,
            0.09397054124191545,
            0.17613632532825466,
            0.09096231419546637,
            0.2214185047256304,
            0.16962936866997738,
            0.17235840646370532,
            0.09200192307692308,
            0.076138127090301,
            0.07038127926421404,
            0.09746055900621117,
            0.08748201052492778,
            0.055967701863354036,
            0.07009770186335404,
            0.2110553385827995,
            0.2440163725465356,
            0.22606231643886565,
            0.1883380115032196,
            0.23769395053386688,
            0.22897142858625358,
            0.20556609676543228,
            0.2286498097056061
        ],
        [
            0.1833828773283854,
            0.0,
            0.2930061972639371,
            0.22741709987104383,
            0.142745992715532,
            0.2259998946950622,
            0.1618267699839932,
            0.26389513892759603,
            0.2845320652235119,
            0.2741456687506333,
            0.12276154478930597,
            0.08438713034113171,
            0.09463711249674273,
            0.08283864314204184,
            0.07587031161627564,
            0.0647427289186155,
            0.09331415039525094,
            0.3128529695956873,
            0.24036957667950126,
            0.21591252869603406,
            0.3438770142844866,
            0.33234808796466253,
            0.3455771215188119,
            0.21912937339462674,
            0.31350380186476845
        ],
        [
            0.16736832161052687,
            0.2930061972639371,
            0.0,
            0.37319043393025636,
            0.16979118622176761,
            0.5205771003075114,
            0.16049368519193655,
            0.4622666782112399,
            0.21437703298255098,
            0.2999785957552935,
            0.056018785865075714,
            0.10612916848129465,
            0.0737959010410728,
            0.08924249008234875,
            0.05150766877294558,
            0.06373226023866486,
            0.10668438382889042,
            0.26917668474349304,
            0.2513630786046795,
            0.3037205370899209,
            0.4303938020553986,
            0.24559845302979938,
            0.19574410711360699,
            0.29971333269616973,
            0.3354017487407602
        ],
        [
            0.14850344346675867,
            0.22741709987104383,
            0.37319043393025636,
            0.0,
            0.1325568702444078,
            0.49753180913768263,
            0.1488569165242923,
            0.4337067350988889,
            0.29772892158981923,
            0.3828907213986198,
            0.07895613950228347,
            0.1295474679826793,
            0.08550111525003679,
            0.10346104751729755,
            0.06617480829405559,
            0.06734902622069289,
            0.08759859646526316,
            0.21813850207001428,
            0.2211651585544897,
            0.3073366564168349,
            0.262876728937062,
            0.2168204259511946,
            0.18682344487601354,
            0.28673893038056714,
            0.23967845872324048
        ],
        [
            0.09397054124191545,
            0.142745992715532,
            0.16979118622176761,
            0.1325568702444078,
            0.0,
            0.1442204359774326,
            0.1760049771850935,
            0.13519087501606342,
            0.19153222069658027,
            0.17851108846422326,
            0.05493876911165626,
            0.05253022362595433,
            0.07102277531607251,
            0.05191070139047112,
            0.1247942505318762,
            0.06115188109161791,
            0.08704932365636311,
            0.1458271940114131,
            0.16949923414108548,
            0.14577093525881796,
            0.1470338751903556,
            0.17983755405367427,
            0.20165357315906815,
            0.1405994702494037,
            0.12318929023311778
        ],
        [
            0.17613632532825466,
            0.2259998946950622,
            0.5205771003075114,
            0.49753180913768263,
            0.1442204359774326,
            0.0,
            0.135413370604976,
            0.5762357405288785,
            0.21101711086776,
            0.2679403289235663,
            0.06380019051919013,
            0.08614910112753198,
            0.06328573928794518,
            0.10788677832244009,
            0.06367769781706449,
            0.06316422735760972,
            0.0956154801516566,
            0.20689320765883704,
            0.30667101583057466,
            0.28829897337499466,
            0.32020557692235446,
            0.19624402755594922,
            0.18505531634627934,
            0.2707333745225657,
            0.2731244311546942
        ],
        [
            0.09096231419546637,
            0.1618267699839932,
            0.16049368519193655,
            0.1488569165242923,
            0.1760049771850935,
            0.135413370604976,
            0.0,
            0.2103672981327022,
            0.24474667635955522,
            0.24990082972582978,
            0.08767204828233127,
            0.08970794168391995,
            0.07412240761689293,
            0.11126264880952383,
            0.05798424110835401,
            0.12984488636363636,
            0.09907844155844159,
            0.17034933814153203,
            0.21284252645502644,
            0.15465128647114967,
            0.16978149606566273,
            0.14105996407591548,
            0.13202636446886445,
            0.16110171822152522,
            0.22096373922498214
        ],
        [
            0.2214185047256304,
            0.26389513892759603,
            0.4622666782112399,
            0.4337067350988889,
            0.13519087501606342,
            0.5762357405288785,
            0.2103672981327022,
            0.0,
            0.23134785337107547,
            0.28149048492050077,
            0.09308552339975065,
            0.11544490447677755,
            0.07451332449879719,
            0.16969522959183672,
            0.05318629448167466,
            0.08135412878787879,
            0.09309024814471244,
            0.28948310907504027,
            0.27394144068795423,
            0.3146852017248756,
            0.3731040299352369,
            0.22064553020355154,
            0.22060297382167987,
            0.2858988242460951,
            0.3357141988147509
        ],
        [
            0.16962936866997738,
            0.2845320652235119,
            0.21437703298255098,
            0.29772892158981923,
            0.19153222069658027,
            0.21101711086776,
            0.24474667635955522,
            0.23134785337107547,
            0.0,
            0.4055731718336076,
            0.07647902749297486,
            0.06869558322615388,
            0.15447486312344158,
            0.06344089856902357,
            0.069680348718635,
            0.05235419161856661,
            0.11381098003848003,
            0.262992571567247,
            0.24793517419505298,
            0.2873233191600549,
            0.233296271262059,
            0.2523298029926172,
            0.22518499264459246,
            0.31465856268600184,
            0.24772246685119015
        ],
        [
            0.17235840646370532,
            0.2741456687506333,
            0.2999785957552935,
            0.3828907213986198,
            0.17851108846422326,
            0.2679403289235663,
            0.24990082972582978,
            0.28149048492050077,
            0.4055731718336076,
            0.0,
            0.07622052578447647,
            0.07396347337057352,
            0.07223219656160831,
            0.0819312384044527,
            0.07083931829978776,
            0.05176340909090909,
            0.19889824675324674,
            0.26788149022326296,
            0.2851512177108605,
            0.37045765817074683,
            0.3117060130928919,
            0.27951277709594774,
            0.2102356449256127,
            0.3014126492017659,
            0.25938810338663365
        ],
        [
            0.09200192307692308,
            0.12276154478930597,
            0.056018785865075714,
            0.07895613950228347,
            0.05493876911165626,
            0.06380019051919013,
            0.08767204828233127,
            0.09308552339975065,
            0.07647902749297486,
            0.07622052578447647,
            0.0,
            0.14520591455360748,
            0.1467534561665115,
            0.1685874979268023,
            0.10793784652427806,
            0.12329031037654298,
            0.1446717681570236,
            0.17225125579866746,
            0.07409459154654684,
            0.06995397115852843,
            0.0664298315044829,
            0.06322772759863737,
            0.06914346987957865,
            0.07762450944851627,
            0.1924486222009737
        ],
        [
            0.076138127090301,
            0.08438713034113171,
            0.10612916848129465,
            0.1295474679826793,
            0.05253022362595433,
            0.08614910112753198,
            0.08970794168391995,
            0.11544490447677755,
            0.06869558322615388,
            0.07396347337057352,
            0.14520591455360748,
            0.0,
            0.1350006195898092,
            0.17808506664078677,
            0.10928365895015946,
            0.11883537902315076,
            0.1652496242706569,
            0.07258571240301566,
            0.06864106625258799,
            0.10419278616394617,
            0.08330177341948176,
            0.062036827802852954,
            0.07362632569875777,
            0.11384617188105481,
            0.07293695623642027
        ],
        [
            0.07038127926421404,
            0.09463711249674273,
            0.0737959010410728,
            0.08550111525003679,
            0.07102277531607251,
            0.06328573928794518,
            0.07412240761689293,
            0.07451332449879719,
            0.15447486312344158,
            0.07223219656160831,
            0.1467534561665115,
            0.1350006195898092,
            0.0,
            0.11307758520074698,
            0.13672133229570435,
            0.11301932062218828,
            0.1664703083354554,
            0.0981916359185059,
            0.07771046840958606,
            0.11961524999836766,
            0.08543009147866175,
            0.08327432356949513,
            0.07729856150793651,
            0.10471636326500297,
            0.07668564508053867
        ],
        [
            0.09746055900621117,
            0.08283864314204184,
            0.08924249008234875,
            0.10346104751729755,
            0.05191070139047112,
            0.10788677832244009,
            0.11126264880952383,
            0.16969522959183672,
            0.06344089856902357,
            0.0819312384044527,
            0.1685874979268023,
            0.17808506664078677,
            0.11307758520074698,
            0.0,
            0.09468508016513057,
            0.1133220238095238,
            0.13708059523809524,
            0.10867852414883829,
            0.07098655753968255,
            0.06663781990068755,
            0.06559796508275675,
            0.055266399782135094,
            0.04354285714285714,
            0.06780969075130053,
            0.12159529291979951
        ],
        [
            0.08748201052492778,
            0.07587031161627564,
            0.05150766877294558,
            0.06617480829405559,
            0.1247942505318762,
            0.06367769781706449,
            0.05798424110835401,
            0.05318629448167466,
            0.069680348718635,
            0.07083931829978776,
            0.10793784652427806,
            0.10928365895015946,
            0.13672133229570435,
            0.09468508016513057,
            0.0,
            0.12162058659754224,
            0.1269734744623656,
            0.04924997493376963,
            0.07286423291090628,
            0.07690704710898946,
            0.0720393601498188,
            0.11920081786253926,
            0.17571838541666668,
            0.06570032254417224,
            0.05394360444283009
        ],
        [
            0.055967701863354036,
            0.0647427289186155,
            0.06373226023866486,
            0.06734902622069289,
            0.06115188109161791,
            0.06316422735760972,
            0.12984488636363636,
            0.08135412878787879,
            0.05235419161856661,
            0.05176340909090909,
            0.12329031037654298,
            0.11883537902315076,
            0.11301932062218828,
            0.1133220238095238,
            0.12162058659754224,
            0.0,
            0.10364703463203465,
            0.059958479727921024,
            0.08286874999999999,
            0.05338433743707273,
            0.04262564260585093,
            0.06004109979345274,
            0.07468939935064936,
            0.054247469800420174,
            0.08640450059808613
        ],
        [
            0.07009770186335404,
            0.09331415039525094,
            0.10668438382889042,
            0.08759859646526316,
            0.08704932365636311,
            0.0956154801516566,
            0.09907844155844159,
            0.09309024814471244,
            0.11381098003848003,
            0.19889824675324674,
            0.1446717681570236,
            0.1652496242706569,
            0.1664703083354554,
            0.13708059523809524,
            0.1269734744623656,
            0.10364703463203465,
            0.0,
            0.09354421853315767,
            0.07920277777777777,
            0.15407738180447006,
            0.09468147822856157,
            0.07702298347621878,
            0.07629672077922078,
            0.16577676200025465,
            0.08976099339257235
        ],
        [
            0.2110553385827995,
            0.3128529695956873,
            0.26917668474349304,
            0.21813850207001428,
            0.1458271940114131,
            0.20689320765883704,
            0.17034933814153203,
            0.28948310907504027,
            0.262992571567247,
            0.26788149022326296,
            0.17225125579866746,
            0.07258571240301566,
            0.0981916359185059,
            0.10867852414883829,
            0.04924997493376963,
            0.059958479727921024,
            0.09354421853315767,
            0.0,
            0.39591472654240834,
            0.3289625678841612,
            0.3826640126017389,
            0.4121033262911223,
            0.2135912386290935,
            0.2118284124782442,
            0.3683480982837481
        ],
        [
            0.2440163725465356,
            0.24036957667950126,
            0.2513630786046795,
            0.2211651585544897,
            0.16949923414108548,
            0.30667101583057466,
            0.21284252645502644,
            0.27394144068795423,
            0.24793517419505298,
            0.2851512177108605,
            0.07409459154654684,
            0.06864106625258799,
            0.07771046840958606,
            0.07098655753968255,
            0.07286423291090628,
            0.08286874999999999,
            0.07920277777777777,
            0.39591472654240834,
            0.0,
            0.31408369832535854,
            0.4058199458662853,
            0.3619105191065365,
            0.2526647118570579,
            0.19339795968933238,
            0.237620386284941
        ],
        [
            0.22606231643886565,
            0.21591252869603406,
            0.3037205370899209,
            0.3073366564168349,
            0.14577093525881796,
            0.28829897337499466,
            0.15465128647114967,
            0.3146852017248756,
            0.2873233191600549,
            0.37045765817074683,
            0.06995397115852843,
            0.10419278616394617,
            0.11961524999836766,
            0.06663781990068755,
            0.07690704710898946,
            0.05338433743707273,
            0.15407738180447006,
            0.3289625678841612,
            0.31408369832535854,
            0.0,
            0.3864906007165642,
            0.3422432847724415,
            0.20251655743415373,
            0.37749660385799083,
            0.2348769683690607
        ],
        [
            0.1883380115032196,
            0.3438770142844866,
            0.4303938020553986,
            0.262876728937062,
            0.1470338751903556,
            0.32020557692235446,
            0.16978149606566273,
            0.3731040299352369,
            0.233296271262059,
            0.3117060130928919,
            0.0664298315044829,
            0.08330177341948176,
            0.08543009147866175,
            0.06559796508275675,
            0.0720393601498188,
            0.04262564260585093,
            0.09468147822856157,
            0.3826640126017389,
            0.4058199458662853,
            0.3864906007165642,
            0.0,
            0.43967488408088684,
            0.21593246990828033,
            0.24205429287086036,
            0.2918971861277968
        ],
        [
            0.23769395053386688,
            0.33234808796466253,
            0.24559845302979938,
            0.2168204259511946,
            0.17983755405367427,
            0.19624402755594922,
            0.14105996407591548,
            0.22064553020355154,
            0.2523298029926172,
            0.27951277709594774,
            0.06322772759863737,
            0.062036827802852954,
            0.08327432356949513,
            0.055266399782135094,
            0.11920081786253926,
            0.06004109979345274,
            0.07702298347621878,
            0.4121033262911223,
            0.3619105191065365,
            0.3422432847724415,
            0.43967488408088684,
            0.0,
            0.40971768844948886,
            0.19553585793599804,
            0.19829811659284965
        ],
        [
            0.22897142858625358,
            0.3455771215188119,
            0.19574410711360699,
            0.18682344487601354,
            0.20165357315906815,
            0.18505531634627934,
            0.13202636446886445,
            0.22060297382167987,
            0.22518499264459246,
            0.2102356449256127,
            0.06914346987957865,
            0.07362632569875777,
            0.07729856150793651,
            0.04354285714285714,
            0.17571838541666668,
            0.07468939935064936,
            0.07629672077922078,
            0.2135912386290935,
            0.2526647118570579,
            0.20251655743415373,
            0.21593246990828033,
            0.40971768844948886,
            0.0,
            0.4196254036771457,
            0.33457375321019445
        ],
        [
            0.20556609676543228,
            0.21912937339462674,
            0.29971333269616973,
            0.28673893038056714,
            0.1405994702494037,
            0.2707333745225657,
            0.16110171822152522,
            0.2858988242460951,
            0.31465856268600184,
            0.3014126492017659,
            0.07762450944851627,
            0.11384617188105481,
            0.10471636326500297,
            0.06780969075130053,
            0.06570032254417224,
            0.054247469800420174,
            0.16577676200025465,
            0.2118284124782442,
            0.19339795968933238,
            0.37749660385799083,
            0.24205429287086036,
            0.19553585793599804,
            0.4196254036771457,
            0.0,
            0.3893953585912407
        ],
        [
            0.2286498097056061,
            0.31350380186476845,
            0.3354017487407602,
            0.23967845872324048,
            0.12318929023311778,
            0.2731244311546942,
            0.22096373922498214,
            0.3357141988147509,
            0.24772246685119015,
            0.25938810338663365,
            0.1924486222009737,
            0.07293695623642027,
            0.07668564508053867,
            0.12159529291979951,
            0.05394360444283009,
            0.08640450059808613,
            0.08976099339257235,
            0.3683480982837481,
            0.237620386284941,
            0.2348769683690607,
            0.2918971861277968,
            0.19829811659284965,
            0.33457375321019445,
            0.3893953585912407,
            0.0
        ]
    ],
    "normalized_conceptual_coupling_matrix": [
        [
            0.0,
            0.31824280312788933,
            0.29045112935361056,
            0.257713003588531,
            0.16307655813863223,
            0.30566713055076017,
            0.1578560783334607,
            0.3842498636450577,
            0.29437495236635064,
            0.2991109269020904,
            0.15966021648098785,
            0.1321301712740348,
            0.122139732602523,
            0.1691331379701653,
            0.15181635634859333,
            0.09712639797730348,
            0.1216476121370348,
            0.36626561620264914,
            0.4234662229083073,
            0.39230873848849085,
            0.3268419472390934,
            0.41249428630669027,
            0.3973572142125372,
            0.3567395812289609,
            0.39679907653028884
        ],
        [
            0.31824280312788933,
            0.0,
            0.5084832068816337,
            0.39465983082256706,
            0.24772151860021288,
            0.3922004117405766,
            0.28083431589207913,
            0.45796385119289684,
            0.49377719084616956,
            0.4757526294690051,
            0.2130404904711975,
            0.14644549861429948,
            0.1642333264678849,
            0.14375825259643074,
            0.13166540406993957,
            0.11235458748045302,
            0.1619374568984661,
            0.5429253126655174,
            0.41713757022236453,
            0.37469478810506623,
            0.5967644665165522,
            0.5767571578597817,
            0.5997148340740469,
            0.38027730316329605,
            0.5440547675453619
        ],
        [
            0.29045112935361056,
            0.5084832068816337,
            0.0,
            0.647635000195816,
            0.29465577068498133,
            0.9034099478621671,
            0.2785208793967428,
            0.8022179911766043,
            0.3720300875224995,
            0.52058311322371,
            0.09721504919785219,
            0.1841766503130951,
            0.12806547017257508,
            0.15487149408754228,
            0.08938645271407672,
            0.11060101926369642,
            0.18514017150510964,
            0.4671294503468985,
            0.4362157029239012,
            0.5270768814359923,
            0.7469057744671933,
            0.42621176674044053,
            0.339694491934759,
            0.5201227754826314,
            0.5820564833984838
        ],
        [
            0.257713003588531,
            0.39465983082256706,
            0.647635000195816,
            0.0,
            0.23003930669545933,
            0.8634171297341603,
            0.2583264210367601,
            0.7526550413218484,
            0.5166790267409633,
            0.664468887416106,
            0.13702055243886166,
            0.22481678742068054,
            0.14837870898386565,
            0.17954639089609287,
            0.11483981926098384,
            0.11687755806135673,
            0.1520186796897807,
            0.37855774421385807,
            0.3838102064816402,
            0.5333522980278113,
            0.45619650161891984,
            0.37627035378297313,
            0.3242135670108625,
            0.49760698653886604,
            0.41593820352632016
        ],
        [
            0.16307655813863223,
            0.24772151860021288,
            0.29465577068498133,
            0.23003930669545933,
            0.0,
            0.250280268705764,
            0.30543918887008514,
            0.2346103608429131,
            0.33238518062206435,
            0.30978829654054935,
            0.09534078719454744,
            0.09116099528595925,
            0.12325298540296487,
            0.09008587586536482,
            0.2165680497661218,
            0.10612302707133668,
            0.15106547118453262,
            0.25306863798064755,
            0.2941491167929229,
            0.2529710064929798,
            0.2551627135370075,
            0.3120902460659876,
            0.34994978439551017,
            0.24399644166527962,
            0.2137828002824897
        ],
        [
            0.30566713055076017,
            0.3922004117405766,
            0.9034099478621671,
            0.8634171297341603,
            0.250280268705764,
            0.0,
            0.23499647987938305,
            1.0,
            0.36619927579307227,
            0.46498387739303765,
            0.11071890553097814,
            0.1495032242333024,
            0.10982612642155883,
            0.1872268079439499,
            0.11050633159029682,
            0.10961525451308621,
            0.16593118653816782,
            0.3590426506154358,
            0.5321971447815906,
            0.5003142864939082,
            0.5556850337475849,
            0.34056205430061187,
            0.3211451552387788,
            0.46983093112912816,
            0.47398037286617484
        ],
        [
            0.1578560783334607,
            0.28083431589207913,
            0.2785208793967428,
            0.2583264210367601,
            0.30543918887008514,
            0.23499647987938305,
            0.0,
            0.36507159021344926,
            0.4247335927738928,
            0.43367811496119063,
            0.1521461480363305,
            0.15567923919745857,
            0.12863208996523226,
            0.19308529649237857,
            0.1006259019184321,
            0.22533292753494016,
            0.17194081274359307,
            0.2956243880068644,
            0.36936710357409647,
            0.26838197562894694,
            0.2946389543797379,
            0.24479558304809132,
            0.22911866651604865,
            0.2795760604395407,
            0.3834606632038791
        ],
        [
            0.3842498636450577,
            0.45796385119289684,
            0.8022179911766043,
            0.7526550413218484,
            0.2346103608429131,
            1.0,
            0.36507159021344926,
            0.0,
            0.40148126382917637,
            0.48849882977085773,
            0.16154069741372734,
            0.2003431865764181,
            0.12931048745849685,
            0.2944892474668227,
            0.09229954121356551,
            0.14118202510870057,
            0.16154889674019995,
            0.5023692366067887,
            0.4753982119132811,
            0.5461049698792588,
            0.6474850546285033,
            0.3829084429942501,
            0.3828345906125276,
            0.4961490656301404,
            0.5825987095257698
        ],
        [
            0.29437495236635064,
            0.49377719084616956,
            0.3720300875224995,
            0.5166790267409633,
            0.33238518062206435,
            0.36619927579307227,
            0.4247335927738928,
            0.40148126382917637,
            0.0,
            0.703832031420623,
            0.13272177012620073,
            0.11921437424742859,
            0.2680758103995112,
            0.11009538997146635,
            0.12092333713053142,
            0.09085550918885227,
            0.19750767270010441,
            0.4563975350190326,
            0.43026691466151346,
            0.49862113532969143,
            0.40486254991392223,
            0.43789335725865397,
            0.3907862300209182,
            0.5460587404682729,
            0.4298977821539262
        ],
        [
            0.2991109269020904,
            0.4757526294690051,
            0.52058311322371,
            0.664468887416106,
            0.30978829654054935,
            0.46498387739303765,
            0.43367811496119063,
            0.48849882977085773,
            0.703832031420623,
            0.0,
            0.13227316603881606,
            0.12835627533739688,
            0.12535181607324883,
            0.14218354163394115,
            0.1229346139390283,
            0.08983026468195082,
            0.34516818857972037,
            0.46488176866189695,
            0.49485166860553303,
            0.642892538791042,
            0.5409348833635399,
            0.4850667139101896,
            0.36484311912457046,
            0.5230717708088091,
            0.45014233783653035
        ],
        [
            0.15966021648098785,
            0.2130404904711975,
            0.09721504919785219,
            0.13702055243886166,
            0.09534078719454744,
            0.11071890553097814,
            0.1521461480363305,
            0.16154069741372734,
            0.13272177012620073,
            0.13227316603881606,
            0.0,
            0.2519904690749226,
            0.25467607412171067,
            0.29256688898205097,
            0.18731543174536683,
            0.2139581107263238,
            0.2510635109586252,
            0.298924977545774,
            0.1285838179328162,
            0.12139818174819136,
            0.1152823867598225,
            0.10972545288601145,
            0.11999163713121586,
            0.13470964049760475,
            0.33397550458140834
        ],
        [
            0.1321301712740348,
            0.14644549861429948,
            0.1841766503130951,
            0.22481678742068054,
            0.09116099528595925,
            0.1495032242333024,
            0.15567923919745857,
            0.2003431865764181,
            0.11921437424742859,
            0.12835627533739688,
            0.2519904690749226,
            0.0,
            0.23428019141246503,
            0.3090489779015398,
            0.18965095578739552,
            0.2062270190219054,
            0.28677434016673126,
            0.1259653077686492,
            0.11911976544458716,
            0.18081625077319283,
            0.144561969278452,
            0.10765876435556487,
            0.1277711889775916,
            0.19756874465399343,
            0.1265748566194064
        ],
        [
            0.122139732602523,
            0.1642333264678849,
            0.12806547017257508,
            0.14837870898386565,
            0.12325298540296487,
            0.10982612642155883,
            0.12863208996523226,
            0.12931048745849685,
            0.2680758103995112,
            0.12535181607324883,
            0.25467607412171067,
            0.23428019141246503,
            0.0,
            0.19623493866757127,
            0.2372663177230543,
            0.19613382626780027,
            0.2888927163432561,
            0.17040184947289805,
            0.1348588137526182,
            0.20758040778342357,
            0.1482554542699011,
            0.1445143327851629,
            0.13414399016102446,
            0.181724866924937,
            0.13308033446546608
        ],
        [
            0.1691331379701653,
            0.14375825259643074,
            0.15487149408754228,
            0.17954639089609287,
            0.09008587586536482,
            0.1872268079439499,
            0.19308529649237857,
            0.2944892474668227,
            0.11009538997146635,
            0.14218354163394115,
            0.29256688898205097,
            0.3090489779015398,
            0.19623493866757127,
            0.0,
            0.1643165696008843,
            0.19665913763959697,
            0.23788978294244723,
            0.18860080433242718,
            0.12319013304265011,
            0.11564333000158283,
            0.1138387650556869,
            0.09590935774204269,
            0.0755643117570125,
            0.1176769956842033,
            0.21101657597322473
        ],
        [
            0.15181635634859333,
            0.13166540406993957,
            0.08938645271407672,
            0.11483981926098384,
            0.2165680497661218,
            0.11050633159029682,
            0.1006259019184321,
            0.09229954121356551,
            0.12092333713053142,
            0.1229346139390283,
            0.18731543174536683,
            0.18965095578739552,
            0.2372663177230543,
            0.1643165696008843,
            0.0,
            0.21106047064334624,
            0.22034987685044888,
            0.08546844888268681,
            0.12644865249772655,
            0.13346455573616958,
            0.12501716759828177,
            0.2068612018982627,
            0.30494183726852747,
            0.11401639628231221,
            0.0936137775718663
        ],
        [
            0.09712639797730348,
            0.11235458748045302,
            0.11060101926369642,
            0.11687755806135673,
            0.10612302707133668,
            0.10961525451308621,
            0.22533292753494016,
            0.14118202510870057,
            0.09085550918885227,
            0.08983026468195082,
            0.2139581107263238,
            0.2062270190219054,
            0.19613382626780027,
            0.19665913763959697,
            0.21106047064334624,
            0.0,
            0.17986915309506094,
            0.10405199731778206,
            0.14381050006364013,
            0.09264322512879142,
            0.07397257686017258,
            0.10419537625060543,
            0.12961604790792433,
            0.09414110577492289,
            0.14994644469428897
        ],
        [
            0.1216476121370348,
            0.1619374568984661,
            0.18514017150510964,
            0.1520186796897807,
            0.15106547118453262,
            0.16593118653816782,
            0.17194081274359307,
            0.16154889674019995,
            0.19750767270010441,
            0.34516818857972037,
            0.2510635109586252,
            0.28677434016673126,
            0.2888927163432561,
            0.23788978294244723,
            0.22034987685044888,
            0.17986915309506094,
            0.0,
            0.16233671734297714,
            0.13744856871440184,
            0.267386020976511,
            0.1643103187970628,
            0.13366575180762968,
            0.1324053948982658,
            0.28768913543630953,
            0.1557713051783082
        ],
        [
            0.36626561620264914,
            0.5429253126655174,
            0.4671294503468985,
            0.37855774421385807,
            0.25306863798064755,
            0.3590426506154358,
            0.2956243880068644,
            0.5023692366067887,
            0.4563975350190326,
            0.46488176866189695,
            0.298924977545774,
            0.1259653077686492,
            0.17040184947289805,
            0.18860080433242718,
            0.08546844888268681,
            0.10405199731778206,
            0.16233671734297714,
            0.0,
            0.6870707571505915,
            0.5708819233986321,
            0.664075456774902,
            0.7151644670857923,
            0.37066641932528516,
            0.3676072093060813,
            0.6392316067477388
        ],
        [
            0.4234662229083073,
            0.41713757022236453,
            0.4362157029239012,
            0.3838102064816402,
            0.2941491167929229,
            0.5321971447815906,
            0.36936710357409647,
            0.4753982119132811,
            0.43026691466151346,
            0.49485166860553303,
            0.1285838179328162,
            0.11911976544458716,
            0.1348588137526182,
            0.12319013304265011,
            0.12644865249772655,
            0.14381050006364013,
            0.13744856871440184,
            0.6870707571505915,
            0.0,
            0.5450611203621064,
            0.7042602832892961,
            0.6280598263036742,
            0.438474558390214,
            0.3356229856756691,
            0.4123666228457977
        ],
        [
            0.39230873848849085,
            0.37469478810506623,
            0.5270768814359923,
            0.5333522980278113,
            0.2529710064929798,
            0.5003142864939082,
            0.26838197562894694,
            0.5461049698792588,
            0.49862113532969143,
            0.642892538791042,
            0.12139818174819136,
            0.18081625077319283,
            0.20758040778342357,
            0.11564333000158283,
            0.13346455573616958,
            0.09264322512879142,
            0.267386020976511,
            0.5708819233986321,
            0.5450611203621064,
            0.0,
            0.6707161210823835,
            0.5939292909154248,
            0.35144740804914454,
            0.6551079311941296,
            0.40760569303369976
        ],
        [
            0.3268419472390934,
            0.5967644665165522,
            0.7469057744671933,
            0.45619650161891984,
            0.2551627135370075,
            0.5556850337475849,
            0.2946389543797379,
            0.6474850546285033,
            0.40486254991392223,
            0.5409348833635399,
            0.1152823867598225,
            0.144561969278452,
            0.1482554542699011,
            0.1138387650556869,
            0.12501716759828177,
            0.07397257686017258,
            0.1643103187970628,
            0.664075456774902,
            0.7042602832892961,
            0.6707161210823835,
            0.0,
            0.7630121722011657,
            0.37472939410195905,
            0.42006122815065067,
            0.5065586280016037
        ],
        [
            0.41249428630669027,
            0.5767571578597817,
            0.42621176674044053,
            0.37627035378297313,
            0.3120902460659876,
            0.34056205430061187,
            0.24479558304809132,
            0.3829084429942501,
            0.43789335725865397,
            0.4850667139101896,
            0.10972545288601145,
            0.10765876435556487,
            0.1445143327851629,
            0.09590935774204269,
            0.2068612018982627,
            0.10419537625060543,
            0.13366575180762968,
            0.7151644670857923,
            0.6280598263036742,
            0.5939292909154248,
            0.7630121722011657,
            0.0,
            0.711024429122434,
            0.3393330961327252,
            0.34412672218291845
        ],
        [
            0.3973572142125372,
            0.5997148340740469,
            0.339694491934759,
            0.3242135670108625,
            0.34994978439551017,
            0.3211451552387788,
            0.22911866651604865,
            0.3828345906125276,
            0.3907862300209182,
            0.36484311912457046,
            0.11999163713121586,
            0.1277711889775916,
            0.13414399016102446,
            0.0755643117570125,
            0.30494183726852747,
            0.12961604790792433,
            0.1324053948982658,
            0.37066641932528516,
            0.438474558390214,
            0.35144740804914454,
            0.37472939410195905,
            0.711024429122434,
            0.0,
            0.7282182866547061,
            0.5806195792421991
        ],
        [
            0.3567395812289609,
            0.38027730316329605,
            0.5201227754826314,
            0.49760698653886604,
            0.24399644166527962,
            0.46983093112912816,
            0.2795760604395407,
            0.4961490656301404,
            0.5460587404682729,
            0.5230717708088091,
            0.13470964049760475,
            0.19756874465399343,
            0.181724866924937,
            0.1176769956842033,
            0.11401639628231221,
            0.09414110577492289,
            0.28768913543630953,
            0.3676072093060813,
